2,22
2,21
2,20
2,19
2,18
2,17
2,16
2,15
2,14
2,13
2,12
2,11
2,10
2,9
2,8
2,7
2,6
2,5
2,4
2,2
1,5
1,4
1,2
0,484
0,459
0,458
0,457
0,456
0,455
0,454
0,453
0,452
0,451
0,450
0,449
0,448
0,447
0,446
0,445
0,444
0,443
0,442
0,441
0,440
0,439
0,438
0,437
0,436
1,1
0,435
1,3
0,434
0,433
1,0
0,432
0,431
0,430
0,429
0,428
0,427
0,426
2,1
0,410
2,3
0,382
0,381
0,380
0,365
0,360
0,359
0,358
2,0
0,348
0,346
0,342
0,341
0,339
0,336
0,335
0,334
0,332
0,331
0,330
0,329
0,327
0,324
0,322
0,320
0,318
0,317
0,316
0,315
0,314
0,313
0,312
0,311
0,309
0,306
0,301
0,243
0,9
0,310
0,305
0,308
0,304
0,303
0,302
0,307
0,12
0,10
0,8
0,0
0,416
0,300
0,471
0,299
0,388
0,298
0,347
0,297
0,494
0,296
0,352
0,295
0,357
0,294
0,362
0,293
0,325
0,292
0,367
0,291
0,505
0,290
0,477
0,289
0,476
0,288
0,369
0,287
0,405
0,286
0,383
0,285
0,404
0,284
0,361
0,424
0,283
0,321
0,282
0,487
0,281
0,373
0,280
0,354
0,423
0,279
0,479
0,278
0,403
0,277
0,338
0,276
0,368
0,275
0,400
0,274
0,337
0,422
0,273
0,470
0,272
2,23
2,24
2,26
2,27
2,29
2,30
2,32
2,34
2,35
4,0
4,1
3,0
3,1
3,2
3,5
3,6
3,4
3,3
4,3
2,64
2,33
2,31
2,28
2,25
0,465
0,271
0,399
0,270
0,464
0,269
0,351
0,268
0,376
0,421
0,267
0,463
0,266
0,469
0,265
0,366
0,264
0,462
0,263
0,387
0,262
0,461
0,261
0,398
0,260
0,350
0,401
0,259
0,485
0,258
0,415
0,257
0,397
0,256
0,509
0,255
0,364
0,254
0,386
0,253
0,349
0,252
0,372
0,251
0,504
0,250
0,402
0,249
0,500
0,248
0,474
0,247
0,414
0,246
0,328
0,245
0,371
0,244
0,499
0,242
0,503
0,241
0,498
0,240
0,497
0,239
0,396
0,238
0,395
0,237
0,508
0,236
0,412
0,235
0,413
0,234
0,478
0,233
0,411
0,232
0,489
0,231
0,326
0,230
0,409
0,229
0,385
0,228
0,496
0,227
0,394
0,226
0,393
0,225
0,488
0,224
0,345
0,223
0,420
0,222
0,493
0,221
0,507
0,220
0,460
0,219
0,419
0,218
0,340
0,217
0,344
0,216
0,418
0,215
0,392
0,214
0,333
0,213
0,473
0,212
0,391
0,211
0,495
0,210
0,356
0,209
0,408
0,208
0,375
0,207
0,492
0,206
0,370
0,205
0,319
0,204
0,483
0,203
0,468
0,202
0,475
0,201
0,482
0,200
0,467
0,199
0,379
0,198
0,384
0,197
0,355
0,196
0,390
0,195
0,374
0,194
0,363
0,193
0,481
0,192
0,353
0,63
0,502
0,62
0,343
0,425
0,61
0,511
0,60
0,501
0,59
0,417
0,58
0,491
0,57
0,506
0,56
0,323
0,55
0,378
0,54
0,407
0,53
0,389
0,52
0,490
0,51
0,480
0,50
0,472
0,49
0,466
0,48
0,486
0,47
0,510
0,46
0,406
0,45
0,377
0,6
0,5
0,1
0,11
0,4
0,2
0,3
0,7
